tree
version=v4
num_class=1
num_tree_per_iteration=1
label_index=0
max_feature_idx=18
objective=binary sigmoid:1
feature_names=ret_1 ret_5 ret_15 vwap_dev rvol vol_z atr_5 atr_15 rv_5 rv_annual rsi_14 macd macd_signal macd_hist ema_9_21_spread ema_slope high_dist_5 low_dist_5 minutes_into_session
feature_infos=[-0.013809888794761083:0.011495683930943024] [-0.01389056974195535:0.012002424732269201] [-0.013584398117014174:0.012287086106460343] [-0.016089178409600478:0.011658592794884915] [0.00099745516440753767:18.032295829118006] [-3.3513761758000591:4.2478508786532316] [0.0085000000000263753:6.4259999999999762] [0.024866666666654661:4.315333333333319] [0:0.0062435004021488411] [0:1.9573149710396807] [4.7227281948501201:96.024153170354921] [-2.5994213108928079:2.3984160620783541] [-2.0181840411187135:2.1056890584229322] [-1.1891240190130343:1.0649377772224726] [-0.0040669442623726768:0.0034476127534568638] [-0.0065234020383296842:0.0056165231996427867] [0:0.014044177802018092] [0:0.020463399630920531] [0:390]
tree_sizes=3482 3477 3480 3484 3487 3486 3478 3493 3495 3494 3503 3483 3462 3479

Tree=0
num_leaves=31
num_cat=0
split_feature=2 6 7 11 18 18 11 8 7 18 13 12 7 12 8 7 16 6 6 18 18 11 11 13 11 12 13 18 15 7
split_gain=26.1451 28.0695 23.86 26.2286 35.0274 56.1258 27.6526 17.001 16.6107 16.183 21.4578 19.0033 15.4941 22.7042 16.2352 14.8824 14.6013 14.2534 13.6989 12.5611 34.6336 16.2948 25.343 13.6536 12.5474 12.4593 12.0956 17.184 17.2952 11.9781
threshold=1.9989156342381523e-05 0.15500000000000683 0.40700000000000131 0.20845114688597735 164.50000000000003 362.50000000000006 0.066811358984978156 0.0002736401823104151 0.21587999999999666 108.50000000000001 0.0019744709423664274 0.0074600004312361532 0.20398999999999509 -0.093884420198366361 0.00029301272501886189 0.074093333333341144 0.00069391181848773849 0.23700000000000046 0.10577000000000682 345.50000000000006 284.50000000000006 -0.94057842894380872 -0.2088688097335307 -0.16141512194509872 -0.24665774848608632 -0.38352782174278993 0.01621537351478973 386.50000000000006 -6.3804455675109381e-05 0.18801000000000842
decision_type=2 2 2 2 2 2 2 2 2 2 2 2 2 2 2 2 2 2 2 2 2 2 2 2 2 2 2 2 2 2
left_child=1 -1 3 4 9 29 15 8 -5 10 -2 18 13 16 -15 -7 -3 -10 -12 20 21 -14 -23 -21 -25 -4 27 -26 -29 -6
right_child=2 12 25 7 5 6 -8 -9 17 -11 11 -13 19 14 -16 -17 -18 -19 -20 23 -22 22 -24 24 26 -27 -28 28 -30 -31
leaf_value=-0.036215074439009579 -0.071003064846114267 -0.027784365728362143 -0.079006819849156321 -0.087355755786631267 -0.13833094173813942 -0.065749289612183459 -0.075346339214362817 -0.099028971195709192 -0.024412394431031714 -0.0093226512257917615 -0.018222505308057448 -0.031691631951196786 -0.0083869601530034144 -0.083832764365214446 -0.030604407015111627 -0.03201155390779005 -0.087285137592458567 -0.071348302025849283 -0.065780698985767619 -0.083366469799456805 -0.080485782463529915 -0.06083082176185791 -0.038913020858221029 -0.011575610425388599 0.0012347688030276971 -0.04339125165477465 -0.078547567513468142 -0.069707531260843517 -0.00076655081982676676 -0.089632321696530737
leaf_weight=417.22472280263901 86.692801684141159 49.967032670974731 26.482527315616608 54.464065611362457 14.240604311227797 45.719834893941879 97.935384035110474 63.208296328783035 29.730384439229965 27.232032805681229 17.988131761550903 165.14104297757149 25.98285698890686 109.17796638607979 16.489120781421661 114.67433997988701 12.991428494453428 35.476593196392059 95.686867564916611 13.740933984518049 89.940658807754517 243.08961394429207 288.3097785115242 51.715878814458847 23.984175682067871 337.52730569243431 18.487802088260651 33.47791188955307 12.491758167743681 111.42648285627365
leaf_count=1670 347 200 106 218 57 183 392 253 119 109 72 661 104 437 66 459 52 142 383 55 360 973 1154 207 96 1351 74 134 50 446
internal_value=-0.0518377 -0.0470926 -0.0568821 -0.0610166 -0.0570056 -0.0677437 -0.0544112 -0.0780525 -0.066973 -0.0465066 -0.049277 -0.0425217 -0.0516775 -0.0645702 -0.0768485 -0.0416284 -0.0400623 -0.0499484 -0.058255 -0.0486422 -0.0516948 -0.047049 -0.0489394 -0.0358026 -0.0311395 -0.0459824 -0.0425794 -0.0330736 -0.0509736 -0.0951509
internal_weight=2730.7 1407.07 1323.63 959.617 776.738 383.997 258.33 182.879 119.671 392.741 365.509 278.816 989.847 188.626 125.667 160.394 62.9585 65.207 113.675 801.221 647.323 557.382 531.399 153.898 140.158 364.01 88.4416 69.9538 45.9697 125.667
internal_count=10930 5632 5298 3841 3109 1537 1034 732 479 1572 1463 1116 3962 755 503 642 252 261 455 3207 2591 2231 2127 616 561 1457 354 280 184 503
is_linear=0
shrinkage=1


Tree=1
num_leaves=31
num_cat=0
split_feature=3 4 7 7 12 18 3 18 18 7 10 12 18 18 8 3 11 11 5 15 4 7 12 6 3 12 7 17 5 12
split_gain=35.6601 24.0985 19.5063 22.4806 29.9237 17.4608 17.7946 17.0161 37.7007 28.2117 22.0077 21.9232 20.6384 22.5563 19.6595 16.3395 15.683 16.3107 14.7839 17.2406 18.2076 14.7458 13.551 12.8005 12.5368 12.3203 15.1553 18.8742 12.2854 12.61
threshold=0.00095748068640458511 0.59104286442589216 0.20812666666668825 0.12117333333332379 0.0044169943937596443 172.50000000000003 0.0018662663501100045 62.500000000000007 345.50000000000006 0.36574999999998004 57.569589692511862 -0.16410411201563896 293.50000000000006 120.50000000000001 0.00026807059314670712 5.635591938425783e-05 -0.48457034453736009 -0.18474482068290851 -0.8686981586814444 8.2410954591605207e-06 0.028551202017434631 0.56142000000001724 0.095807858228285428 0.087999999999999565 0.0016994173964676189 -0.13417678200288541 0.48976333333333372 0.00014626237311068 -0.42966034163285843 -0.21623181719143997
decision_type=2 2 2 2 2 2 2 2 2 2 2 2 2 2 2 2 2 2 2 2 2 2 2 2 2 2 2 2 2 2
left_child=1 18 3 4 24 6 22 21 9 10 28 -10 13 16 -15 -13 -11 -18 25 20 -20 -3 -5 -6 -2 -1 27 -27 -9 -30
right_child=2 7 -4 5 23 -7 -8 8 11 12 -12 15 -14 14 -16 -17 17 -19 19 -21 -22 -23 -24 -25 -26 26 -28 -29 29 -31
leaf_value=-0.02594407326328645 0.069183919940320873 0.0024694403791752223 -0.0034520962415650622 0.0010186999579926341 -0.041621857234274057 -0.045245538627603894 0.017468135787434329 -0.052160602140727902 0.032381013785575403 0.013341393826316784 -0.082722009318949866 0.0058515269144500635 -0.036947711336277687 0.053739826810479591 0.0040988794028122893 -0.034909017244954287 -0.07267799368101871 -0.012621950256157359 0.071675805573523682 0.0042647397488556745 0.017881087343229168 0.028417348948406324 -0.051035788740394196 0.0044532079715851819 0.011809302532459751 0.031317438437558055 0.050652630882271822 -0.022011942914087406 -0.046668808886518753 -0.0091132557702531015
leaf_weight=46.958889499306679 13.744603261351584 371.73903755843639 492.0901286303997 20.2376559227705 39.225184947252274 96.115067526698112 29.219428882002831 32.460566759109497 70.717292234301567 20.236856266856194 18.219883248209953 170.61270812153816 42.18350625038147 23.482374668121338 132.40052172541618 28.726330772042274 20.481141909956932 25.236399933695793 16.492416977882385 311.26704622805119 340.02151857316494 64.209949538111687 32.709909901022911 24.483160302042961 30.984364837408066 25.229800969362259 15.4919066876173 48.455598428845406 28.965570762753487 97.885273069143295
leaf_count=188 55 1488 1970 81 157 385 117 130 283 81 73 683 169 94 530 115 82 101 66 1246 1361 257 131 98 124 101 62 194 116 392
internal_value=-0.000446953 0.00316292 -0.00949226 -0.0198588 -0.00190697 -0.0307778 -0.0138541 -0.00148761 -0.00625313 -0.0152535 -0.0306661 0.00846281 -0.00488986 0.00120611 0.0115768 -2.23896e-05 -0.0233051 -0.0395266 0.00980134 0.0128628 0.0203696 0.00629125 -0.0311395 -0.0239152 0.0294397 -0.00521587 0.00569917 -0.00375202 -0.0247126 -0.0176888
internal_weight=2730.28 1951.47 778.81 286.719 108.437 178.282 82.167 1147.56 711.608 441.552 177.531 270.056 264.021 221.837 155.883 199.339 65.9544 45.7175 803.917 667.781 356.514 435.949 52.9476 63.7083 44.729 136.136 89.1773 73.6854 159.311 126.851
internal_count=10930 7812 3118 1148 434 714 329 4594 2849 1768 711 1081 1057 888 624 798 264 183 3218 2673 1427 1745 212 255 179 545 357 295 638 508
is_linear=0
shrinkage=0.05


Tree=2
num_leaves=31
num_cat=0
split_feature=3 6 18 18 6 12 10 8 2 10 8 12 17 13 15 12 3 18 17 11 18 2 10 3 16 12 10 18 18 2
split_gain=32.1958 21.9266 21.0019 41.0101 26.8702 18.7304 23.9289 24.5552 16.7396 18.9046 16.0051 15.21 15.1417 14.915 14.5013 16.0954 24.3771 24.0048 23.262 14.2326 13.6441 12.6781 11.9683 14.0221 13.64 11.7099 11.4028 11.1412 12.4228 13.3448
threshold=0.00095748068640458511 0.15500000000000683 364.50000000000006 288.50000000000006 0.38302000000001052 -0.17148207380332742 32.861754762308493 0.00034482261239717475 -3.8136473787531149e-05 42.755993368433202 0.00013274878825809492 0.089549279917007091 0.00035428376966157682 -0.018353552679165087 0.00015348967421235929 -0.23590966491860607 -0.0011221131083097029 118.50000000000001 0.0003208506304840812 -0.18115685585109984 162.50000000000003 0.0002585280254224776 55.763922384379676 0.0036407231909877298 0.00052387574118928761 0.047066928264322926 47.926135202517685 244.50000000000003 172.50000000000003 -0.00019923915836245196
decision_type=2 2 2 2 2 2 2 2 2 2 2 2 2 2 2 2 2 2 2 2 2 2 2 2 2 2 2 2 2 2
left_child=1 8 3 4 14 -4 -7 -8 9 10 -1 -5 22 -12 15 16 17 -3 27 -14 -16 -20 -2 24 -24 -9 -21 28 -17 -30
right_child=12 2 5 11 -6 6 7 25 -10 -11 13 -13 19 -15 20 18 -18 -19 21 26 -22 -23 23 -25 -26 -27 -28 -29 29 -31
leaf_value=-0.01010206432136761 -0.010191279774998488 0.020217787254766216 0.034111679124849269 -0.020971908541260999 0.009897215737763386 -0.062349601753210415 0.021576246839343179 1.491261495856028e-05 0.0031644808711031227 0.030071355290908236 0.0090806938818892551 -0.068766305506101286 -0.046329030001708252 0.069704136284617968 -0.015222937046879943 -0.0058439051694897425 -0.070348784570276268 -0.0517110105974442 0.031960139418121446 0.034881505241463655 -0.061818339913482234 -0.0050003655675954018 -0.03014568551657686 -0.070586703378237386 0.021242660900768224 -0.052313339932670344 -0.0025700882442416216 0.0291914007595678 -0.014539367397163739 -0.079749447236805229
leaf_weight=74.982436522841454 245.41244281828403 31.962378978729248 71.47605162858963 151.65292951464653 413.44309815764427 12.738829448819159 109.66692796349525 24.485279411077499 353.0144040286541 171.21036963164806 35.242630332708359 18.698726162314415 17.732428103685379 14.24717305600643 74.421436607837677 156.61237215995789 20.723577976226807 18.206637635827065 74.440488025546074 21.485222592949867 19.915075823664665 33.70769427716732 84.820713222026825 17.713008642196655 15.231863453984259 18.977060005068779 376.06480030715466 18.227242991328239 20.48420561850071 12.715778604149817
leaf_count=300 983 128 286 608 1655 51 439 98 1413 685 141 75 71 57 298 627 83 73 298 86 80 135 340 71 61 76 1506 73 82 51
internal_value=-0.000425106 0.00300472 -0.000735705 -0.00373261 0.000547881 0.0127145 0.00349405 0.00897159 0.0105153 0.0192915 0.00446394 -0.0262181 -0.00902216 0.026533 -0.00748137 -0.00319734 -0.0247297 -0.00588561 0.00163044 -0.00250097 -0.0250595 0.0204403 -0.0164789 -0.0295818 -0.0223224 -0.0228333 -0.000546052 -0.00814774 -0.0117333 -0.0395152
internal_weight=2729.71 1951.25 1302.56 1065.21 894.86 237.344 165.868 153.129 648.697 295.683 124.472 170.352 778.46 49.4898 481.417 387.08 70.8926 50.169 316.188 415.282 94.3365 108.148 363.178 117.766 100.053 43.4623 397.55 208.04 189.812 33.2
internal_count=10930 7812 5216 4266 3583 950 664 613 2596 1183 498 683 3118 198 1928 1550 284 201 1266 1663 378 433 1455 472 401 174 1592 833 760 133
is_linear=0
shrinkage=0.05


Tree=3
num_leaves=31
num_cat=0
split_feature=3 18 18 18 7 13 13 18 11 14 10 7 7 11 6 10 18 7 3 3 9 3 5 18 11 14 10 16 18 13
split_gain=29.0672 20.7169 40.0407 33.7121 25.6378 41.1894 30.1776 19.5205 17.9145 19.3775 19.3662 17.0275 24.9236 23.9706 19.7399 16.612 17.3671 16.3659 16.1613 15.1566 18.6373 14.5957 23.358 19.965 18.4581 14.4336 21.9412 17.5172 13.9543 13.7588
threshold=0.00095748068640458511 60.500000000000007 352.50000000000006 291.50000000000006 0.37325999999998211 -0.0023812149634628468 0.11084498183934986 254.50000000000003 -0.24665774848608632 -0.00073088849200192462 30.835726130365625 0.19442666666667494 0.12117333333332379 -0.004270684677976532 0.087999999999999565 37.945302096667206 316.50000000000006 0.30359999999999449 -0.0015649520378815816 5.635591938425783e-05 0.048058564772542472 -0.0012329825879168427 1.0000000180025095e-35 1.0000000180025095e-35 -0.23833933011167116 -1.2196897038105815e-05 44.026793577553427 0.00095967992664490595 172.50000000000003 0.053239543789030126
decision_type=2 2 2 2 2 2 2 2 2 2 2 2 2 2 2 2 2 2 2 2 2 2 2 2 2 2 2 2 2 2
left_child=1 21 3 4 5 17 7 -6 9 -4 -10 12 13 -2 -15 16 -5 18 -3 -12 -21 22 -1 -24 -23 26 -26 -27 -14 -28
right_child=11 2 8 15 6 -7 -8 -9 10 -11 19 -13 28 14 -16 -17 -18 -19 -20 20 -22 24 23 -25 25 27 29 -29 -30 -31
leaf_value=0.0435513504816957 0.031714145052877965 0.064731855515490863 -0.015192031743693933 -0.051556414299336287 0.0074383112467061273 -0.045035265422862757 -0.028977996411688002 0.05015313803458446 -0.049499779661857313 0.051096393947535138 0.010334267751802576 -0.0034475503455320706 -0.015770964326535124 -0.038682068173425753 0.015303213105707656 -0.045133112938856204 0.010933521930749797 -0.020373202111450585 0.003689578144428956 -0.039320064386617531 0.017772453082284079 -0.025766250239264724 0.024079481140098263 -0.038619075857354697 0.0024889156275537004 -0.0010568625595205618 0.036231568874282374 0.041096472140413121 -0.047012852949524078 -0.015247650279284319
leaf_weight=70.716617405414581 36.734924972057343 15.986088931560515 14.741874426603315 16.432044699788094 195.83306209743023 80.856379792094231 51.942143887281418 30.977915987372398 15.723346307873724 43.721210539340973 410.50027711689472 525.55979131162167 65.354026436805725 44.129159733653069 27.475904628634453 88.612119749188423 34.384302631020546 37.661673277616501 33.704160243272781 35.96841886639595 23.721598550677299 42.689277619123459 32.732798770070076 20.742763340473175 133.68216495215893 354.03291083872318 124.46061180531979 26.489810779690742 78.880393177270889 14.490677580237387
leaf_count=283 147 64 59 66 784 325 208 124 63 175 1643 2105 262 177 110 356 138 151 135 144 95 171 131 83 535 1417 498 106 317 58
internal_value=-0.000404393 0.00285469 -0.00153321 -0.0105987 -0.00390277 -0.0193184 0.0053995 0.0132723 0.00823192 0.0343813 0.00508574 -0.008575 -0.0192443 -0.00112166 -0.0179671 -0.0320636 -0.00927331 0.00448616 0.0233278 0.0069111 -0.0166307 0.00890524 0.024695 -0.000240812 0.00608714 0.00816903 0.0169502 0.00187761 -0.0328568 0.030863
internal_weight=2728.94 1950.8 1130.77 586.39 446.961 168.208 278.753 226.811 544.377 58.4631 485.914 778.134 252.574 108.34 71.6051 139.428 50.8163 87.3519 49.6902 470.19 59.69 820.038 124.192 53.4756 695.845 653.156 272.633 380.523 144.234 138.951
internal_count=10930 7812 4530 2351 1791 675 1116 908 2179 234 1945 3118 1013 434 287 560 204 350 199 1882 239 3282 497 214 2785 2614 1091 1523 579 556
is_linear=0
shrinkage=0.05


Tree=4
num_leaves=31
num_cat=0
split_feature=3 4 7 8 7 12 13 7 7 7 5 7 12 13 5 15 4 10 14 6 14 7 13 12 12 6 6 8 12 5
split_gain=26.2485 19.681 16.1669 15.8353 15.6954 20.7947 14.6622 17.8685 22.7631 14.3459 16.4793 15.4038 23.9563 13.9092 12.5756 14.5236 16.2418 12.4862 14.8977 12.2844 12.1341 11.1198 11.076 10.7983 10.2303 10.1424 11.6515 10.9759 15.2871 10.3186
threshold=0.00095748068640458511 0.59104286442589216 0.39799666666668454 0.00029567734411646936 0.50866666666666649 0.52926408754362075 0.021508156630493606 0.40409999999999785 0.25865333333332508 0.20812666666668825 -0.44300063974585979 0.10114000000000943 0.0058801031773694848 0.19344336471854115 -0.8686981586814444 8.2410954591605207e-06 0.028551202017434631 44.026793577553427 -2.6421827487793137e-05 0.34200000000001868 -0.00023817953794361189 0.77981333333333402 -0.072430083480216734 0.0604133589948204 -0.021389627877561365 0.30071000000000375 0.23700000000000046 0.00011693863874834478 0.089549279917007091 -0.32781890575161088
decision_type=2 2 2 2 2 2 2 2 2 2 2 2 2 2 2 2 2 2 2 2 2 2 2 2 2 2 2 2 2 2
left_child=1 14 3 9 5 -4 17 8 -8 11 -11 12 -2 21 20 16 -16 -3 22 -10 -1 -6 -19 24 -5 26 27 28 29 -17
right_child=2 6 4 23 13 -7 7 -9 19 10 -12 -13 -14 -15 15 25 -18 18 -20 -21 -22 -23 -24 -25 -26 -27 -28 -29 -30 -31
leaf_value=-0.032395235414522931 0.028520507728199959 -0.0028928349476700192 0.031522210095037619 -0.038267794024335625 -0.023580621168661515 -0.028373948024446732 -0.0047983215930121085 0.0040172013121014018 -0.054722959196108693 -0.019207163406002904 0.012648456632551697 -0.024388985707970406 -0.025848559856568937 0.023709937183409115 0.06690027384191119 -0.010721626106121939 0.0160742151039041 -0.018930290403099161 0.0023693362092860799 -0.018707340418810333 0.003038745877704821 0.00934653569756967 0.031207675211584091 -0.047362456999737707 0.019697096416342361 0.024166887017220834 -0.035395090530074148 0.01201459165297266 -0.050105430646620944 0.029925211414698068
leaf_weight=31.418186157941818 40.971473902463913 462.38645149767399 70.683384850621223 15.472656384110453 90.914491191506386 18.227815747261047 126.47564308345318 142.56994235515594 48.685321569442749 62.148276701569557 117.08090780675411 190.54324546456337 40.081543281674385 29.728051707148552 16.479973956942558 60.958902880549431 340.03139871358871 12.487752541899679 214.20465813577175 46.090792402625084 104.59076291322708 35.712639704346657 93.405420929193497 51.107612937688828 14.983157262206076 50.434403523802757 21.714774668216705 138.14884239435196 18.983854100108147 20.990086227655411
leaf_count=126 164 1853 283 62 364 73 507 571 196 249 469 766 161 119 66 244 1361 50 858 185 419 143 374 205 60 202 87 553 76 84
internal_value=-0.000384839 0.00271253 -0.00815184 -0.0130451 0.00246965 0.0192428 -0.00149358 -0.00978661 -0.0186815 -0.0093772 0.00160242 -0.0166228 0.00163445 -0.0070684 0.00871126 0.0115339 0.0184237 0.00236233 0.00995349 -0.0372081 -0.00514653 -0.0142942 0.025295 -0.0333184 -0.00975117 0.0036417 -0.000327591 0.00285744 -0.00967614 -0.000310508
internal_weight=2727.71 1950.06 777.655 532.389 245.266 88.9112 1146.31 363.822 221.252 450.825 179.229 271.596 81.053 156.355 803.751 667.742 356.511 782.484 320.098 94.7761 136.009 126.627 105.893 81.5634 30.4558 311.231 260.796 239.082 100.933 81.949
internal_count=10930 7812 3118 2136 982 356 4594 1459 888 1809 718 1091 325 626 3218 2673 1427 3135 1282 381 545 507 424 327 122 1246 1044 957 404 328
is_linear=0
shrinkage=0.05


Tree=5
num_leaves=31
num_cat=0
split_feature=2 16 6 3 7 18 4 6 15 18 18 11 16 14 18 7 18 18 18 7 18 11 3 13 11 18 12 7 13 11
split_gain=26.6321 18.6134 18.1642 20.7549 21.7399 20.7871 19.1246 18.4461 26.6417 17.8929 19.8307 18.1206 19.0353 15.424 20.0737 24.889 17.8212 13.7058 28.5838 19.5218 26.6418 27.3603 27.37 20.4149 14.6 19.3548 19.0387 18.011 18.0866 17.7759
threshold=3.3471032087950554e-05 0.0016991507437503527 0.15393999999997734 -0.0012329825879168427 0.32134999999999542 52.500000000000007 1.3539014326595802 0.31300999999998574 -0.00023861089714399816 366.50000000000006 288.50000000000006 -0.23833933011167116 0.00047502245986548518 -0.00025411737164901098 118.50000000000001 0.45191666666668201 72.500000000000014 162.50000000000003 200.50000000000003 0.40700000000000131 362.50000000000006 0.064591903382904561 0.0020894323111373737 0.031586838226797524 0.18590568489292994 2.5000000000000004 -0.17514119262783581 0.1976433333333224 -0.018353552679165087 0.51927967284109411
decision_type=2 2 2 2 2 2 2 2 2 2 2 2 2 2 2 2 2 2 2 2 2 2 2 2 2 2 2 2 2 2
left_child=2 17 -1 5 7 6 -4 8 -5 10 11 12 -7 14 16 -16 -6 24 -19 20 -20 -22 23 -23 26 29 -2 28 -28 -26
right_child=1 -3 3 4 13 9 -8 -9 -10 -11 -12 -13 -14 -15 15 -17 -18 18 19 -21 21 22 -24 -25 25 -27 27 -29 -30 -31
leaf_value=0.013505575520682329 -0.025966548743927322 0.039753964689294208 0.044870443242437059 -0.052553304517177137 -0.0097294442625406371 -0.045230614455184281 -0.0034060806926637004 0.024304813809731859 -0.011267239541203847 0.020655958423328222 -0.022218950305216079 0.02528609398256906 0.0041040458775225665 0.015951918891036764 -0.025508502369041383 0.052017779685715818 -0.076439369239381605 -0.048882179915266451 -0.034748206634286231 0.0089485787761899617 0.0094660360775907434 -0.026516484384476086 -0.053217206650957485 0.016781492133805236 -0.035786648998139381 0.0034947625793766111 -0.051070815640914202 0.021631518311651787 0.0032665679779117344 0.0093046459979044208
leaf_weight=424.79002106189728 45.912272855639458 22.728513479232788 64.970220103859901 47.130555003881454 26.222709506750107 24.646841824054718 29.981143087148666 27.948888689279556 228.60560142993927 110.59115634858608 91.516238167881966 74.907999277114868 94.58992825448513 144.08265405893326 20.449989482760429 20.966854199767113 16.194150134921074 46.997298642992973 108.62990711629391 126.61770382523537 148.31024268269539 60.639348357915878 45.403451338410378 49.404036059975624 91.728860214352608 117.28335893154144 16.465791702270508 150.06778693199158 219.00442489981651 28.693789005279541
leaf_count=1701 184 91 260 189 105 99 120 112 917 443 368 300 379 577 82 84 65 189 438 507 594 243 183 198 368 470 66 601 877 115
internal_value=0.000170898 -0.00508962 0.0048147 0.00120522 -0.00564132 0.00861483 0.029627 -0.0144009 -0.0183241 0.00357982 -0.00303106 0.00601376 -0.00609368 0.00603025 -0.0110218 0.0137384 -0.0351983 -0.00590165 -0.0114849 -0.00822414 -0.0134968 -0.00589683 -0.0205544 -0.00707783 -0.0010122 -0.0109623 0.00446977 0.00809431 -0.000533097 -0.0250425
internal_weight=2725.48 1277.89 1447.59 1022.8 531.601 491.204 94.9514 303.685 275.736 396.252 285.661 194.145 119.237 227.916 83.8337 41.4168 42.4169 1255.16 586.002 539.005 412.387 303.757 155.447 110.043 669.156 237.706 431.45 385.538 235.47 120.423
internal_count=10925 5124 5801 4100 2131 1969 380 1218 1106 1589 1146 778 478 913 336 166 170 5033 2352 2163 1656 1218 624 441 2681 953 1728 1544 943 483
is_linear=0
shrinkage=0.05


Tree=6
num_leaves=31
num_cat=0
split_feature=2 10 7 12 18 18 7 3 3 10 3 3 18 18 4 18 18 10 3 7 7 7 7 16 18 12 7 16 5 12
split_gain=24.0509 18.3638 16.9462 27.3455 18.4527 27.9721 16.6618 15.7285 15.5766 20.8939 18.0412 17.4943 17.1473 17.8088 16.3246 16.0924 16.0424 23.8559 15.3807 13.7286 17.9272 18.8226 14.9449 13.9966 13.6809 12.4899 12.2068 13.6321 12.687 11.7974
threshold=3.3471032087950554e-05 60.85418993336669 0.40700000000000131 0.16663529153506026 14.500000000000002 362.50000000000006 0.20666666666667202 0.0023792960194439204 0.00089426020952785635 43.925321181117631 0.0049804007697429016 -0.0012329825879168427 52.500000000000007 367.50000000000006 1.3539014326595802 278.50000000000006 315.50000000000006 37.945302096667206 -0.0036643259513473498 0.079999999999999252 0.20213333333334735 0.50866666666666649 0.44209666666666869 0.00018968904549250675 246.50000000000003 -0.39179714987665382 0.071819999999994874 0.00059840335116952213 -0.39396723429592234 -0.0033410589695414107
decision_type=2 2 2 2 2 2 2 2 2 2 2 2 2 2 2 2 2 2 2 2 2 2 2 2 2 2 2 2 2 2
left_child=1 8 3 4 7 6 -6 26 9 11 19 12 14 15 -1 24 -17 -18 -7 29 23 22 -22 -21 -14 -4 -2 28 -28 -10
right_child=2 -3 25 -5 5 18 -8 -9 10 -11 -12 -13 13 -15 -16 16 17 -19 -20 20 21 -23 -24 -25 -26 -27 27 -29 -30 -31
leaf_value=0.041435345562983401 0.04471777574095373 0.06160269183233278 -0.030000231411243375 -0.024735815673463068 -0.064977140245208204 0.031915584081713522 -0.020369023103522083 0.059556332613339882 0.056120944250939941 0.015284300710801344 0.029972790738534795 -0.007820343647263318 -1.8980250169047141e-05 0.019689914278264321 -0.0043554146160892501 -0.055692177100693532 0.016289673916684785 -0.052309720053151813 -0.0052534200593207696 -0.0064159975262769167 -0.00071334998461121304 -0.036384614101935199 0.05590761567751118 -0.048495770721247312 0.054855442200845164 0.007071782149394335 0.010727023649376263 0.045355320255715009 -0.011114566456889024 -0.011368967277285249
leaf_weight=62.674310579895973 16.47385074198246 13.980413943529127 24.41379326581955 200.46321794390678 24.828120246529579 31.981083303689957 133.43575501441956 12.73439973592758 13.483026236295702 433.14249154925346 30.413870960474014 300.3499965518713 125.45780159533024 103.83455850183964 28.231063157320023 25.778294369578362 35.860648930072784 19.600380942225456 214.56404684484005 31.371744707226753 97.101353615522385 34.173354759812355 13.243611112236975 53.395172163844109 12.489023312926291 327.47728560864925 112.8766456246376 15.988698557019232 161.77179571986198 12.45809957385063
leaf_count=251 66 56 98 806 101 128 538 51 54 1735 122 1204 503 416 113 104 144 79 861 126 389 137 53 215 50 1311 452 64 648 50
internal_value=0.000161856 0.00457537 -0.00483931 -0.00839166 -0.00387033 -0.0109625 -0.0273671 0.0051058 0.00401904 0.00661993 -0.00642879 0.0013658 0.00803137 0.00263272 0.0272148 -0.00544775 -0.0231019 -0.00795391 -0.00043197 -0.0107666 -0.0146671 -0.00395959 0.0060823 -0.0329223 0.00494908 0.00449977 0.002848 0.000474749 -0.00213798 0.0237092
internal_weight=2724.05 1447.04 1277.01 925.118 724.654 404.809 158.264 319.845 1433.06 1147.42 285.64 714.276 413.926 323.021 90.9054 219.186 81.2393 55.461 246.545 255.226 229.285 144.518 110.345 84.7669 137.947 351.891 307.111 290.637 274.648 25.9411
internal_count=10925 5801 5124 3715 2909 1628 639 1281 5745 4599 1146 2864 1660 1296 364 880 327 223 989 1024 920 579 442 341 553 1409 1230 1164 1100 104
is_linear=0
shrinkage=0.05


Tree=7
num_leaves=31
num_cat=0
split_feature=2 10 7 12 8 14 6 3 3 12 3 2 3 7 15 8 6 3 8 7 7 3 7 3 7 12 7 12 12 6
split_gain=21.7202 16.5809 15.3098 24.7356 15.0243 19.3945 14.8772 17.886 17.0953 14.5816 17.3366 13.8892 12.5268 12.808 17.2041 13.0059 15.8848 14.8867 11.7346 11.6121 25.5216 22.0282 11.5317 13.006 19.9883 11.2854 11.1274 10.8821 10.8642 10.8194
threshold=3.3471032087950554e-05 60.85418993336669 0.40700000000000131 0.16663529153506026 0.0002808839437687661 0.00045712626210620341 0.13400000000002596 -0.0012099170759424873 0.0049804007697429016 -0.031043192827276595 -0.0045141276981097165 0.0016306203785139142 0.0035346991271717376 0.26042333333333928 -0.00023861089714399816 0.00029070152415815875 0.39798999999998164 0.0011563671957653414 0.00032640331222668495 0.30359999999999449 0.34067333333334021 -0.0021537207657989442 0.16966000000000278 -0.00092584387600035979 0.19932000000000019 -0.39179714987665382 0.11327666666667256 -0.13417678200288541 -0.083795107311907049 0.12199999999999138
decision_type=2 2 2 2 2 2 2 2 2 2 2 2 2 2 2 2 2 2 2 2 2 2 2 2 2 2 2 2 2 2
left_child=1 6 3 9 5 29 -1 19 12 10 -2 -11 13 14 -9 16 -15 -17 -6 21 -21 -8 -16 -24 28 -4 -12 -26 -25 -5
right_child=2 -3 25 4 18 -7 7 8 -10 11 26 -13 -14 15 22 17 -18 -19 -20 20 -22 -23 23 24 27 -27 -28 -29 -30 -31
leaf_value=0.012742957129965199 0.040695726481168551 0.058549241861690499 -0.028548779543345833 -0.052829370067880313 -0.073490017426658047 0.023933018750745241 0.034731353770971043 -0.04075934881431565 0.040244349940666523 0.0018345792560304848 0.011318119759091982 -0.048735997416612588 -0.054960272015479331 0.0058418195033940624 0.0069102293785040019 0.0034180143707819967 0.053318595549270292 -0.030864657071447449 -0.026657369803182993 -0.037540552488329729 0.0069858745229087237 -0.00041419040660710735 -0.057982057447671848 0.0055313653537748669 -0.018546912745419915 0.0067174748198705926 -0.024867646375106765 0.024878506232727905 -0.041631080423826634 -0.015830966313325836
leaf_weight=352.23920881748199 12.7203331887722 13.974092632532118 24.373283609747887 25.056771174073219 22.510780364274979 26.133706569671631 93.46208630502224 46.74670073390007 19.961838215589523 522.3052559196949 24.738318219780922 13.939904063940046 13.210613325238226 85.289507240056992 86.770954564213753 102.2605713903904 22.204963073134422 45.869361400604248 32.959527418017387 36.081269264221191 297.78142620623112 85.250751420855522 16.458240315318108 16.193534672260284 22.427506908774376 327.51137661933899 150.45375670492649 40.43981246650219 49.64830556511879 93.467703580856323
leaf_count=1411 51 56 98 101 91 105 375 188 80 2098 99 56 53 342 348 410 89 184 133 145 1195 342 66 65 90 1311 605 162 200 376
internal_value=0.000153407 0.0043486 -0.00460096 -0.00798003 -0.0235393 -0.0150559 0.00381979 0.000909683 -0.00520545 -0.00368006 -0.0156657 0.000519977 -0.00686249 -0.00567329 -0.0130874 0.00240967 0.015649 -0.00719783 -0.0456628 0.00767986 0.00217381 0.017966 -0.00751016 -0.0161297 -0.0107779 0.00427476 -0.019758 0.00938677 -0.0300317 -0.0236526
internal_weight=2722.44 1446.27 1276.17 924.286 200.128 144.658 1432.3 1080.06 567.482 724.158 187.912 536.245 547.52 534.309 278.685 255.624 107.494 148.13 55.4703 512.576 333.863 178.713 231.938 145.167 128.709 351.885 175.192 62.8673 65.8418 118.524
internal_count=10925 5801 5124 3715 806 582 5745 4334 2277 2909 755 2154 2197 2144 1119 1025 431 594 224 2057 1340 717 931 583 517 1409 704 252 265 477
is_linear=0
shrinkage=0.05


Tree=8
num_leaves=31
num_cat=0
split_feature=2 16 10 6 3 3 7 8 8 11 11 16 12 6 7 8 12 6 2 2 13 8 12 7 7 3 16 2 7 3
split_gain=19.6135 16.0976 15.0229 13.3049 15.9315 15.3597 11.2426 19.5665 15.0283 15.9096 22.7366 11.3486 11.1715 21.5172 14.9378 28.5378 12.5343 19.9852 11.335 11.092 11.0552 12.9949 10.9196 10.4888 23.0632 19.91 11.5583 13.573 14.9064 12.1478
threshold=3.3471032087950554e-05 0.0016991507437503527 61.135055120593684 0.13400000000002596 -0.0012099170759424873 0.0049804007697429016 0.32134999999999542 0.00029070152415815875 0.00023191091287237287 0.044616610437287825 -0.17277629416457782 0.00070336668309143886 0.14160012593186619 0.087999999999999565 0.3684200000000033 0.00026807059314670712 -0.031043192827276595 0.88650999999999847 0.0014508471548517756 -0.00026588328692966895 -0.02633667803528766 8.2691768169066562e-05 -0.39179714987665382 0.30359999999999449 0.34067333333334021 -0.0021537207657989442 0.00037754040631321516 -0.00076513023382457346 1.0338366666666619 -0.0045141276981097165
decision_type=2 2 2 2 2 2 2 2 2 2 2 2 2 2 2 2 2 2 2 2 2 2 2 2 2 2 2 2 2 2
left_child=2 12 3 20 23 6 8 19 11 10 -10 -6 16 -14 15 18 17 22 -15 -8 -1 -22 -2 25 -25 -5 -26 28 -28 -29
right_child=1 -3 -4 4 5 -7 7 -9 9 -11 -12 -13 13 14 -16 -17 -18 -19 -20 -21 21 -23 -24 24 26 -27 27 29 -30 -31
leaf_value=0.00073475980032198986 -0.047972558715934699 0.037331409982599921 0.058826981119159433 0.033027331678613304 -0.014307781574587206 0.038205843188385116 0.035981320027781219 -0.0079690016513177583 -0.027795946542537354 -0.037272753190075808 0.028530769123456708 -0.044117145668839772 -0.073070189959932655 -0.013546650524650978 -0.00014946758934530682 -0.051107532420632311 0.0026298358545890025 0.047402096715383001 0.027142968684562719 -0.011111369726345506 0.0029858625183816967 0.02824389633263551 -0.010481408541295407 -0.035721507831407484 -0.01683963178904492 -0.00039348067804551598 0.00091031778954046632 -0.0063473415845530061 0.049226001523446423 0.049302168997447729
leaf_weight=133.32535502314568 21.096393942832947 22.725289344787598 12.446612313389776 93.372107625007629 193.05478875339031 19.975152373313904 51.885476917028427 140.85578791797161 25.058001950383186 19.665356516838074 62.85657112300396 38.255201160907745 13.83402770757675 132.0975793749094 205.40574583411217 52.284156963229179 549.47679670155048 14.210613012313841 19.663514241576195 16.473923370242119 80.363308966159821 139.00587522983551 244.65985251963139 36.024094521999359 44.58374910056591 85.250692203640938 186.14412824809551 13.453795686364172 17.461293026804924 36.173135548830032
leaf_count=534 85 91 50 375 776 80 208 565 101 79 252 154 56 532 823 212 2206 57 79 66 322 557 983 145 179 342 747 54 70 145
internal_value=0.000145359 -0.004374 0.00413256 0.00365758 0.000905287 -0.0048611 -0.00643063 0.00268327 -0.0120571 0.00338217 0.0124762 -0.0192378 -0.00513056 -0.0117401 -0.00966799 -0.01925 -0.00175754 -0.0103684 -0.00827454 0.0246325 0.0120897 0.0189909 -0.0134575 0.0072975 0.00206509 0.0170767 0.00663579 0.0107688 0.00505389 0.0342157
internal_weight=2721.14 1275.45 1445.68 1433.24 1080.54 568.08 548.105 209.215 338.89 107.58 87.9146 231.31 1252.73 423.285 409.451 204.045 829.444 279.967 151.761 68.3594 352.695 219.369 265.756 512.463 333.84 178.623 297.816 253.232 203.605 49.6269
internal_count=10925 5124 5801 5751 4338 2281 2201 839 1362 432 353 930 5033 1702 1646 823 3331 1125 611 274 1413 879 1068 2057 1340 717 1195 1016 817 199
is_linear=0
shrinkage=0.05


Tree=9
num_leaves=31
num_cat=0
split_feature=2 16 10 3 10 3 3 3 12 5 13 4 3 12 6 11 12 3 1 1 13 0 13 6 6 13 8 10 2 12
split_gain=17.7136 14.6473 13.6951 12.8105 18.1403 13.8561 13.952 13.5727 12.0862 11.1709 10.6482 10.393 11.1826 10.0639 18.7408 13.9898 10.945 16.0014 10.2802 9.84918 14.0062 13.3421 12.7578 9.7256 9.64131 10.3104 12.1849 9.53423 9.73189 14.2544
threshold=3.3471032087950554e-05 0.0019656767044096929 60.85418993336669 0.00089426020952785635 43.925321181117631 -0.0012329825879168427 -0.0035789486869892994 0.0049804007697429016 -0.87723463022958548 -0.34247446859274183 0.039027936364973793 0.50239035577310243 -0.0018254853670238832 0.13891429571438016 0.087999999999999565 0.79613188247958544 -0.39179714987665382 -0.0075396696357432737 0.00054599369422458921 -0.0003692812827728042 -0.1346233082017754 0.00023113213964653936 -0.20445431353204921 0.25700000000002782 0.074000000000012292 -0.11653900583568751 0.00033839796476816026 51.554665378304257 0.0011295372400152994 0.56282163910491234
decision_type=2 2 2 2 2 2 2 2 2 2 2 2 2 2 2 2 2 2 2 2 2 2 2 2 2 2 2 2 2 2
left_child=2 13 3 4 5 6 8 24 -1 23 -6 12 -8 16 -15 27 -2 -18 -17 20 22 -21 -13 -10 -5 26 -26 -16 -29 -30
right_child=1 -3 -4 7 10 -7 11 -9 9 -11 -12 19 -14 14 15 18 17 -19 -20 21 -22 -23 -24 -25 25 -27 -28 28 29 -31
leaf_value=0.033770742092648985 -0.032813078814968699 0.0445913412479692 0.053330211939545104 0.017649980814679504 0.016994319998648814 -0.0072724548256769845 0.053016739902194257 0.025508211669145686 0.0099947343750163356 0.0022792774541986558 -0.0058919513260497127 0.027193867066624355 0.0063925235928415092 -0.067361659134521343 0.023745006658817302 0.044641104951759804 0.046867957029340032 -0.0014979327275964824 -0.0071029896916469217 -0.016455238077455688 0.027899469968498382 0.037717333207061894 -0.038848645530653321 -0.036749861499514987 0.038548684427382178 -0.018140971106733912 -0.017296613606754354 -0.021525894065419215 0.00096492751087351523 -0.037961394991733288
leaf_weight=18.713056966662407 26.987664178013802 15.224288970232008 13.893711090087889 28.393946573138237 373.93176978826523 299.96867662668228 31.600617855787277 30.452682495117188 14.68064174056053 90.760484114289284 58.818305358290672 12.463308200240137 21.686354801058769 14.213920742273329 17.90742863714695 19.963331192731857 17.484520271420479 779.38184179365635 18.488787651062012 56.988482713699341 88.515725180506706 14.197579234838484 17.694312617182732 45.97403658926487 19.170827835798264 187.05412162840366 19.913623452186584 188.45381174981594 148.71478153765202 27.93596613407135
leaf_count=75 109 61 56 114 1499 1204 127 122 59 365 236 50 87 58 72 80 70 3130 74 229 355 57 71 185 77 753 80 760 598 112
internal_value=0.000137845 -0.00415821 0.00392809 0.00344843 0.00580759 0.000907542 0.00684486 -0.0060383 -0.00413799 -0.00882304 0.0138837 0.0145295 0.0340419 -0.00474746 -0.0108934 -0.00898903 -0.00149729 -0.000436708 0.0197612 0.00905303 0.0178732 -0.00565088 -0.0115551 -0.025436 -0.00981257 -0.0132608 0.0100954 -0.0118754 -0.0136225 -0.00519097
internal_weight=2719.63 1274.76 1444.87 1430.98 1145.99 713.243 413.275 284.985 170.128 151.415 432.75 243.146 53.287 1259.53 435.678 421.464 823.854 796.866 38.4521 189.859 118.673 71.1861 30.1576 60.6547 254.533 226.139 39.0845 383.012 365.105 176.651
internal_count=10925 5124 5801 5745 4599 2864 1660 1146 684 609 1735 976 214 5063 1754 1696 3309 3200 154 762 476 286 121 244 1024 910 157 1542 1470 710
is_linear=0
shrinkage=0.05


Tree=10
num_leaves=31
num_cat=0
split_feature=3 14 5 7 12 6 7 7 10 3 14 14 3 12 12 3 6 7 4 15 17 17 7 1 3 3 17 3 12 12
split_gain=19.5972 17.9391 17.6803 12.5827 20.8104 19.81 13.3313 13.3332 15.3525 15.735 16.0324 16.637 15.0932 12.6239 11.7721 11.4849 11.1845 19.8317 14.4401 14.0196 11.0754 10.6 10.8398 19.0866 17.1676 17.5141 10.694 12.0585 11.2248 10.4034
threshold=-0.00046362245605215526 -0.00035491696581855002 -0.84774228787860217 0.10114000000000943 0.0044169943937596443 0.069879999999989215 0.1976433333333224 0.17199999999997626 33.843183621276971 0.00059870006902309949 -1.5929518707637084e-05 9.8666731793485598e-05 -9.9779862816308927e-05 0.085618997179360321 -0.0014901706739611352 0.0010834307320692503 0.18200000000000502 0.43129333333333769 0.073755553610085331 -1.2450130021934844e-06 5.3901055160082554e-05 0.00010859310845485635 0.11752666666668575 -0.0003310019357490312 -0.0010046779536762686 -0.001939713116342501 0.00047703222449491523 -0.0034580155291214876 0.019225015473165755 -0.081399645428985007
decision_type=2 2 2 2 2 2 2 2 2 2 2 2 2 2 2 2 2 2 2 2 2 2 2 2 2 2 2 2 2 2
left_child=2 -2 14 4 -3 13 7 8 -5 10 -10 12 -12 15 -1 -6 21 18 -18 -20 -19 22 23 -4 25 -25 27 -23 29 -29
right_child=1 3 16 6 5 -7 -8 -9 9 -11 11 -13 -14 -15 -16 -17 17 20 19 -21 -22 26 -24 24 -26 -27 -28 28 -30 -31
leaf_value=-0.023386392076209735 -0.035225797967401933 0.025856504423726934 -0.040501848852749274 -0.059036106259997029 0.0091127042846796662 0.0099419576491994264 -0.0014081505387155704 -0.025441107791289011 0.021990794173101985 -0.015914572629139503 0.01519614115154821 0.019648205219182018 -0.034696611775693324 -0.07344538345318409 0.011663799850379415 -0.047128062664314165 0.046161808843680152 -0.024745985584501268 0.0013327430782255228 -0.016903587817981371 0.01586961070267805 0.034813055683117065 0.041351268145507797 0.0069542790644344654 -0.0070202376329971412 0.072703214648720635 0.035000756981834517 0.0037927214142021975 0.014864816179122584 -0.030970530491116435
leaf_weight=90.186808228492737 46.425398394465446 90.0427625477314 13.976383462548254 13.695075109601019 20.721818223595619 80.004280164837837 775.36075557768345 132.68107943236828 79.335963502526283 176.52919168770313 20.972517862915993 38.106938898563385 54.675881043076515 12.628917202353476 32.621045738458633 16.153970524668694 14.155409365892409 17.945802181959152 298.43136894702911 162.92746403813362 259.42553623020649 22.434480994939804 55.348669573664665 17.966932013630863 27.461133599281311 23.216772094368938 26.913776770234108 38.921689108014107 47.129137590527534 48.141349166631699
leaf_count=363 187 361 56 55 83 321 3115 537 318 712 84 153 219 51 131 65 57 72 1200 657 1041 90 222 72 110 93 108 156 189 193
internal_value=-0.000914011 -0.00461175 0.00389604 -0.00367107 0.00739498 -0.00544063 -0.00555248 -0.01178 -0.00705127 -0.00512515 0.00473883 -0.00729314 -0.0208645 -0.0303003 -0.0140761 -0.0155244 0.00595033 0.00261661 -0.00358115 -0.00510736 0.0132418 0.013757 0.0242282 0.0127574 0.0236012 0.0440194 0.00588556 0.000882575 -0.00478998 -0.0154296
internal_weight=2754.54 1557.33 1197.2 1510.91 219.552 129.509 1291.36 515.997 383.316 369.62 193.091 113.755 75.6484 49.5047 122.808 36.8758 1074.4 752.886 475.514 461.359 277.371 321.51 137.97 82.6212 68.6448 41.1837 183.54 156.627 134.192 87.063
internal_count=11071 6261 4810 6074 881 520 5193 2078 1541 1486 774 456 303 199 494 148 4316 3027 1914 1857 1113 1289 553 331 275 165 736 628 538 349
is_linear=0
shrinkage=0.05


Tree=11
num_leaves=31
num_cat=0
split_feature=3 18 18 18 6 18 10 11 18 18 14 18 18 18 1 8 11 12 12 10 14 14 11 5 18 6 18 4 11 11
split_gain=17.6974 22.9851 24.9865 18.8077 32.7836 18.512 18.4694 17.6755 50.8068 17.4914 22.2027 16.2418 33.5812 23.0388 15.0906 14.7759 17.8713 16.7351 14.5486 13.7981 13.7713 15.4313 25.0894 13.211 12.8021 24.3096 14.8816 12.747 12.4572 18.4861
threshold=-0.00046362245605215526 62.500000000000007 76.500000000000014 368.50000000000006 0.34585999999997058 285.50000000000006 58.049102050688091 -0.15620174738415923 150.50000000000003 164.50000000000003 -1.5929518707637084e-05 196.50000000000003 224.50000000000003 270.50000000000006 -0.00034513228206128893 0.00034482261239717475 0.45099393507649671 0.0044169943937596443 0.2616426645061467 44.026793577553427 0.00035047809922391905 9.0980533517111389e-05 0.036303880097932513 -0.17501025906640763 66.500000000000014 0.24571000000001961 78.500000000000014 0.74205514815177309 0.67200695689570022 0.2133373737124771
decision_type=2 2 2 2 2 2 2 2 2 2 2 2 2 2 2 2 2 2 2 2 2 2 2 2 2 2 2 2 2 2
left_child=1 19 -3 4 6 -6 -4 8 -2 10 14 -11 -13 -14 -9 17 -17 -15 -5 -1 21 22 -19 -7 28 -26 -27 -10 29 -12
right_child=7 2 3 18 5 23 -8 9 27 11 24 12 13 15 -16 16 -18 20 -20 -21 -22 -23 -24 -25 25 26 -28 -29 -30 -31
leaf_value=0.0076778449253539485 -0.056767967514922746 -0.065000125028676164 -0.019398621064166972 0.010290629441647362 0.010914274721365096 -0.035706975848160238 -0.079033285587718688 -0.00621596631103951 0.03281073399035498 -0.036681101977457574 -0.0023321023236208085 0.044188754476013448 -0.042265044467576666 0.0020284555424753682 0.024032575990624125 0.033797003465416128 -0.024791054398156428 -0.041277176018030548 -0.042616935458030469 0.030073383021718577 0.0064050074123205292 -0.044471453332589256 0.014413835950438198 0.0023436793818017699 0.063156153721618633 0.050283693831438006 -0.006637903548284689 -0.012122199671869741 0.019893284792944898 -0.023191974587329359
leaf_weight=191.77948693931103 57.559590592980385 14.676660999655722 140.36255466938019 399.28798791766167 224.27243186533451 43.551457807421684 14.306990414857863 56.777077913284302 28.603061988949776 51.686681434512138 399.79508116841316 29.83374710381031 50.904177233576775 146.28229242563248 150.59881009161472 42.822544857859612 18.699940666556358 39.020760789513588 13.43057608604431 107.23101107776165 38.003213316202164 69.957956090569496 41.982241660356522 47.900967329740524 19.655135005712509 13.487154617905615 77.251357108354568 35.218936860561371 43.629808768630028 144.63238435983658
leaf_count=770 232 59 567 1602 900 176 59 228 115 209 1604 120 206 589 604 172 75 157 54 430 153 284 169 193 79 54 310 142 175 584
internal_value=-0.000868936 0.00370254 -0.000296343 0.000778984 -0.00605582 0.00318298 -0.0249148 -0.00438419 -0.0227051 -0.0028345 0.00138477 -0.0100567 -0.00717478 -0.0105977 0.0157509 -0.00653492 0.015989 -0.0106684 0.00856893 0.0157093 -0.0204973 -0.0272698 -0.0124136 -0.0157768 -0.00288065 0.0127429 0.00182279 0.00801536 -0.00581361 -0.00787373
internal_weight=2753.2 1196.8 897.79 883.113 470.394 315.725 154.67 1556.4 121.382 1435.02 905.827 529.194 477.507 447.673 207.376 396.769 61.5225 335.246 412.719 299.01 188.964 150.961 81.003 91.4524 698.451 110.394 90.7385 63.822 588.057 544.427
internal_count=11071 4810 3610 3551 1895 1269 626 6261 489 5772 3638 2134 1925 1805 832 1599 247 1352 1656 1200 763 610 326 369 2806 443 364 257 2363 2188
is_linear=0
shrinkage=0.05


Tree=12
num_leaves=31
num_cat=0
split_feature=3 18 18 7 18 18 7 7 13 13 7 7 7 11 18 18 14 7 7 12 7 3 18 18 18 18 12 11 18 3
split_gain=16.033 20.5912 22.2209 24.6672 18.9117 17.6194 20.8916 25.0276 20.9001 20.4776 16.6963 17.3313 17.4304 15.7366 44.0576 17.2178 20.6535 14.6032 22.7932 18.7096 17.6454 15.2014 16.1075 32.9659 22.5216 21.5432 19.6126 14.9601 15.1864 14.3914
threshold=-0.00050339843038559962 62.500000000000007 368.50000000000006 0.20666666666667202 76.500000000000014 285.50000000000006 0.3684200000000033 0.29723666666667825 0.11706885782684083 -0.0023812149634628468 0.61142333333333843 0.18977000000000244 0.10744000000000446 -0.15620174738415923 146.50000000000003 164.50000000000003 -1.5929518707637084e-05 0.392666666666662 0.10524333333333973 0.0044169943937596443 0.083226666666682089 0.0002325090510269179 230.50000000000003 196.50000000000003 297.50000000000006 317.50000000000006 0.10283208141613435 0.50030675634747024 198.50000000000003 0.00051827473701540844
decision_type=2 2 2 2 2 2 2 2 2 2 2 2 2 2 2 2 2 2 2 2 2 2 2 2 2 2 2 2 2 2
left_child=1 10 3 -3 -5 6 7 9 -8 -6 11 12 -1 14 -2 16 -15 18 19 -17 -21 -20 23 26 -24 -26 -23 28 -19 -30
right_child=13 2 -4 4 5 -7 8 -9 -10 -11 -12 -13 -14 15 -16 17 -18 27 21 20 -22 22 24 -25 25 -27 -28 -29 29 -31
leaf_value=-0.014892229409932584 -0.051993208193941376 -0.059546028872108227 0.0084197075827247558 -0.061420034078456642 0.046071683335816037 -0.018126195683307363 0.019747291188506971 -0.037465905166966358 -0.022119721867440767 -0.02121048076828741 0.04275080755328739 -0.00019333785475614525 0.040022219035931228 0.01497320547674676 0.0075613864527801986 0.025501736887143151 -0.0026791128373798573 -0.026104632540680451 -0.048707577024786813 -0.036854809498076145 0.020990644720203899 -0.067704351593246601 -0.054321116141775753 0.047487578463196178 0.048499207940610509 -0.019584657765626106 0.014925028681325654 -0.022387485905469722 -0.017632698309703317 0.041549604415097613
leaf_weight=18.476551279425621 60.044855386018753 21.666688174009323 410.59354209899902 14.366253212094305 22.672069892287254 136.17661349475384 172.3895608484745 56.139219686388969 36.040800973773003 22.563673615455627 46.490769386291504 150.98066589236259 66.311126410961151 216.76216740906239 64.321755364537239 56.539807185530663 703.46516758203506 15.46597672998905 42.855003118515015 35.243697270750999 21.06239315867424 15.58669598400593 44.958838254213333 26.616485267877579 12.572100162506102 153.23174189031124 13.316959559917448 31.948263600468636 12.968508780002592 49.403462931513786
leaf_count=74 243 88 1648 58 91 551 691 228 145 92 187 606 266 870 259 227 2827 62 173 142 85 64 183 107 51 621 54 128 52 198
internal_value=-0.000826889 0.00359438 -0.000127901 -0.00740899 -0.00495511 -0.00313623 0.00345269 -0.015165 0.0125078 0.0125112 0.0153656 0.00996559 0.0280555 -0.00412207 -0.0211919 -0.00266001 0.00147894 -0.00982245 -0.0140487 0.00518474 -0.0152166 -0.0210696 -0.0166216 0.00733826 -0.0229332 -0.0144222 -0.029634 0.00642202 0.0182468 0.0292443
internal_weight=2751.23 1174.87 892.608 482.015 460.348 445.982 309.805 101.375 208.43 45.2357 282.259 235.768 84.7877 1576.36 124.367 1452 920.227 531.77 421.984 112.846 56.3061 309.138 266.283 55.5201 210.763 165.804 28.9037 109.786 77.8379 62.372
internal_count=11071 4725 3592 1944 1856 1798 1247 411 836 183 1133 946 340 6346 502 5844 3697 2147 1707 454 227 1253 1080 225 855 672 118 440 312 250
is_linear=0
shrinkage=0.05


Tree=13
num_leaves=31
num_cat=0
split_feature=3 18 18 7 18 18 7 7 13 2 7 12 12 18 18 8 14 14 15 7 3 7 7 12 7 4 18 18 18 18
split_gain=14.6338 16.5462 19.8266 21.1669 15.7159 15.9501 17.9906 24.9131 20.0129 19.9717 15.4902 14.8372 14.5605 27.5018 19.844 18.6089 17.9148 16.7783 29.5665 14.1378 13.5171 14.0439 21.9394 16.7159 16.6324 13.0532 13.0195 38.6357 22.9226 21.9153
threshold=-0.00062222747725851704 62.500000000000007 368.50000000000006 0.20666666666667202 76.500000000000014 285.50000000000006 0.3684200000000033 0.29723666666667825 0.11706885782684083 -0.00022657051443580875 0.61142333333333843 0.2616426645061467 -0.13417678200288541 150.50000000000003 164.50000000000003 0.00014531538767456948 -0.00020966713090106689 -2.6421827487793137e-05 -9.0545142117981467e-05 0.20666666666667202 -0.00037910532217649335 0.10114000000000943 0.36334000000000521 0.0044169943937596443 0.083226666666682089 1.2498051976776534 236.50000000000003 196.50000000000003 297.50000000000006 316.50000000000006
decision_type=2 2 2 2 2 2 2 2 2 2 2 2 2 2 2 2 2 2 2 2 2 2 2 2 2 2 2 2 2 2
left_child=1 10 3 -3 -5 6 7 9 -8 -6 19 -4 13 -2 17 -15 -17 18 -14 -1 -16 23 26 -22 -25 -7 27 -23 -28 -30
right_child=12 2 11 4 5 25 8 -9 -10 -11 -12 -13 14 15 20 16 -18 -19 -20 -21 21 22 -24 24 -26 -27 28 -29 29 -31
leaf_value=0.0255182279439112 -0.037828800921724609 -0.055911681018116943 0.010278286764697249 -0.05892276941078102 0.049496765618165024 -0.025743831345716207 0.019248790044382943 -0.036412226026506185 -0.021926233390463349 -0.018551037508319275 0.041761136255480891 -0.043720794929731036 -0.0024045537818882306 -0.037662704034776555 -0.046378804300490413 0.040482312630644245 -0.016716125857611227 -0.0014578419685678707 0.035362946464303505 -0.0014255830051328425 0.027833869501278769 -0.037243131814053969 0.0051289785381674457 -0.03257398211251724 0.028886095081701632 0.010946586115794793 -0.063058008195734247 0.040564497334969848 0.045407672792952575 -0.023582776929166611
leaf_weight=80.236606761813164 84.256278067827225 20.800732225179672 389.38795286417007 12.803080156445501 20.904201984405518 102.49155052006245 169.13049173355103 54.684267610311508 35.74854539334774 22.269732505083084 44.387280136346817 13.150520548224447 115.01582503318787 20.355204939842224 24.317094415426254 34.802018225193024 22.565615892410278 725.09703934192657 94.314077958464622 123.81344743072987 52.981487259268761 33.658723562955856 123.52070885896683 33.651948496699333 16.359316274523735 31.750755846500397 35.034129589796066 30.332407370209694 12.354874670505522 168.50419250130653
leaf_count=322 341 85 1563 52 84 416 678 223 144 91 179 53 462 82 98 140 91 2914 379 497 213 138 496 136 66 128 144 122 50 684
internal_value=-0.00078704 0.00360721 0.000367697 -0.00660084 -0.0043204 -0.0027206 0.0036405 -0.0139959 0.0120643 0.0143967 0.0149923 0.00851419 -0.00381595 -0.0180411 -0.00224328 0.00340987 0.0179833 0.00214205 0.0146117 0.00916927 -0.00996451 -0.00821591 -0.0124232 0.00826329 -0.0124696 -0.0170659 -0.0201694 -0.000361572 -0.0260405 -0.0188699
internal_weight=2748.68 1121.56 873.122 470.583 449.783 436.98 302.737 97.8582 204.879 43.1739 248.437 402.538 1627.12 161.979 1465.14 77.7228 57.3676 934.427 209.33 204.05 530.715 506.398 403.405 102.993 50.0113 134.242 279.884 63.9911 215.893 180.859
internal_count=11071 4515 3517 1901 1816 1764 1220 398 822 175 998 1616 6556 654 5902 313 231 3755 841 819 2147 2049 1634 415 202 544 1138 260 878 734
is_linear=0
shrinkage=0.05


end of trees

feature_importances:
minutes_into_session=72
atr_15=66
vwap_dev=49
macd_signal=45
atr_5=25
macd=25
rsi_14=20
macd_hist=20
rv_5=17
ret_15=15
ema_9_21_spread=15
high_dist_5=11
rvol=10
vol_z=10
ema_slope=8
low_dist_5=6
ret_5=4
ret_1=1
rv_annual=1

parameters:
[boosting: gbdt]
[objective: binary]
[metric: binary_logloss]
[tree_learner: serial]
[device_type: cpu]
[data_sample_strategy: bagging]
[data: ]
[valid: ]
[num_iterations: 1000]
[learning_rate: 0.05]
[num_leaves: 31]
[num_threads: 0]
[seed: 42]
[deterministic: 0]
[force_col_wise: 0]
[force_row_wise: 0]
[histogram_pool_size: -1]
[max_depth: -1]
[min_data_in_leaf: 50]
[min_sum_hessian_in_leaf: 0.001]
[bagging_fraction: 0.8]
[pos_bagging_fraction: 1]
[neg_bagging_fraction: 1]
[bagging_freq: 5]
[bagging_seed: 400]
[bagging_by_query: 0]
[feature_fraction: 0.8]
[feature_fraction_bynode: 1]
[feature_fraction_seed: 30056]
[extra_trees: 0]
[extra_seed: 12879]
[early_stopping_round: 0]
[early_stopping_min_delta: 0]
[first_metric_only: 0]
[max_delta_step: 0]
[lambda_l1: 0]
[lambda_l2: 0]
[linear_lambda: 0]
[min_gain_to_split: 0]
[drop_rate: 0.1]
[max_drop: 50]
[skip_drop: 0.5]
[xgboost_dart_mode: 0]
[uniform_drop: 0]
[drop_seed: 17869]
[top_rate: 0.2]
[other_rate: 0.1]
[min_data_per_group: 100]
[max_cat_threshold: 32]
[cat_l2: 10]
[cat_smooth: 10]
[max_cat_to_onehot: 4]
[top_k: 20]
[monotone_constraints: ]
[monotone_constraints_method: basic]
[monotone_penalty: 0]
[feature_contri: ]
[forcedsplits_filename: ]
[refit_decay_rate: 0.9]
[cegb_tradeoff: 1]
[cegb_penalty_split: 0]
[cegb_penalty_feature_lazy: ]
[cegb_penalty_feature_coupled: ]
[path_smooth: 0]
[interaction_constraints: ]
[verbosity: -1]
[saved_feature_importance_type: 0]
[use_quantized_grad: 0]
[num_grad_quant_bins: 4]
[quant_train_renew_leaf: 0]
[stochastic_rounding: 1]
[linear_tree: 0]
[max_bin: 255]
[max_bin_by_feature: ]
[min_data_in_bin: 3]
[bin_construct_sample_cnt: 200000]
[data_random_seed: 175]
[is_enable_sparse: 1]
[enable_bundle: 1]
[use_missing: 1]
[zero_as_missing: 0]
[feature_pre_filter: 1]
[pre_partition: 0]
[two_round: 0]
[header: 0]
[label_column: ]
[weight_column: ]
[group_column: ]
[ignore_column: ]
[categorical_feature: ]
[forcedbins_filename: ]
[precise_float_parser: 0]
[parser_config_file: ]
[objective_seed: 16083]
[num_class: 1]
[is_unbalance: 0]
[scale_pos_weight: 1]
[sigmoid: 1]
[boost_from_average: 1]
[reg_sqrt: 0]
[alpha: 0.9]
[fair_c: 1]
[poisson_max_delta_step: 0.7]
[tweedie_variance_power: 1.5]
[lambdarank_truncation_level: 30]
[lambdarank_norm: 1]
[label_gain: ]
[lambdarank_position_bias_regularization: 0]
[eval_at: ]
[multi_error_top_k: 1]
[auc_mu_weights: ]
[num_machines: 1]
[local_listen_port: 12400]
[time_out: 120]
[machine_list_filename: ]
[machines: ]
[gpu_platform_id: -1]
[gpu_device_id: -1]
[gpu_use_dp: 0]
[num_gpu: 1]

end of parameters

pandas_categorical:[]
